3.24013 0.807222 2.16133 2.78857 2.35734 0.714133 3.38936 0.16913 -0.958292 -0.528738 0.101654 0.0751629
3.45954 1.33237 0.977296 1.1217 2.37157 1.3859 1.53577 0.24221 -0.32674 -0.29824 -0.154112 -0.024823
3.41386 1.29147 0.402183 0.192971 1.60085 2.20278 3.67499 -0.866117 0.134338 -0.517801 -0.403277 -0.0197288
3.24877 1.39333 1.11687 0.671664 1.21859 1.90722 2.42635 0.572117 0.122852 -0.566153 -0.387552 -0.0625688
2.32281 1.79453 2.23559 1.58569 1.85495 1.47901 1.24732 0.922591 0.671931 0.364237 0.181377 0.0219308
1.85786 1.10532 1.72915 0.705835 1.13054 0.946401 1.29958 0.789208 0.335753 0.12542 0.0413224 -0.0195996
1.90568 1.23999 1.89139 1.00789 1.32335 0.489757 0.70551 0.859055 0.715225 0.310293 0.0900624 -0.0179742
1.67436 1.04158 1.68023 0.735802 1.00762 0.372989 0.549598 0.663015 0.0375071 0.0581131 0.0287118 -0.0205068
2.33447 0.707461 2.37963 0.163105 1.99508 0.207971 0.881088 0.366334 0.399112 0.174205 0.0544762 0.00987634
2.51859 0.681814 2.20834 -0.219609 1.20905 -0.613692 0.343073 0.0119546 0.153926 0.0858615 0.0183474 0.0142794
1.33503 -2.36268 -2.37791 -1.95333 2.17887 0.732648 1.79456 -0.31593 0.0775959 0.00993719 -0.142409 0.028213
0.807727 -2.77785 -0.404844 0.988816 2.37349 -1.02448 0.0722868 -0.0585699 0.950433 0.0232897 -0.252918 -0.00105409
1.8478 1.34894 1.91368 1.21261 1.63119 0.964009 0.779756 0.47195 0.23197 0.312115 0.107636 -0.0152837
1.71213 1.0677 1.66453 0.702066 1.12688 0.888321 0.591483 -0.0236469 -0.0146981 0.110437 0.0447298 -0.0178235
1.63251 1.0924 1.71758 0.81571 1.06984 1.17685 0.483205 0.442662 0.588712 0.13307 0.0796389 -0.0179252
1.70582 0.978212 1.66366 0.661814 0.768288 0.419688 0.773575 0.130614 0.458077 0.211855 0.0271588 -0.0193986
4.41323 2.7987 2.36779 1.96731 1.66887 -0.777236 -2.15597 -1.70629 -0.374129 -0.570991 -0.32254 -0.11057
3.66996 2.29963 2.03482 0.682168 0.488375 -0.707991 -0.690896 -0.869047 -0.671773 -0.418253 -0.101132 -0.0318212
3.97068 2.53207 2.37029 2.7303 2.98925 -0.434673 -0.941577 -0.271069 -0.292156 -0.404801 -0.0521383 -0.0518359
2.99215 2.22465 2.39278 1.73047 1.54779 0.526402 0.297965 -0.0670286 -0.210726 -0.143428 -0.0250407 -0.046857
5.07104 1.93167 0.126629 0.338688 0.541259 -2.68979 -1.79495 -0.945029 0.0301776 -0.297717 -0.0435373 0.0511175
4.50049 2.63904 1.38994 -0.349652 -0.659459 -1.69652 -1.7145 -1.21376 -0.749395 -0.269255 0.0645534 0.0301303
-0.89606 -1.76436 4.8764 0.322466 -0.448262 0.139716 1.5357 -0.26396 0.341207 0.0213076 -0.107905 0.0145781
4.20961 1.78089 1.26242 -0.497982 -1.4548 -1.3747 0.148976 -0.129709 0.526887 0.0779691 -0.00752115 -0.0289489
2.47525 -0.502445 -0.0278349 -1.72563 0.832518 -0.424534 1.16474 0.616891 0.83355 0.15196 -0.192966 -0.0634266
1.95665 0.761327 1.71196 -0.0104757 0.62588 -0.0751696 0.212562 0.566889 0.615903 0.149775 0.0305439 -0.0176396
1.74249 1.10409 1.78041 0.832687 1.30623 0.453276 0.0210486 0.239396 0.379146 0.184535 0.0538951 -0.0190567
1.76901 1.10144 1.64116 0.577116 0.653711 0.169434 0.0262396 -0.0218132 0.00616092 -0.0168714 -0.00548609 -0.0214596
0.44414 0.220796 0.293088 0.0794419 -0.0493816 -0.123645 0.242373 -0.441502 0.547733 0.295424 0.101735 -0.00098085
0.0754174 0.133466 0.133807 -0.162129 0.0109281 0.140738 -0.248081 0.0290107 -0.0972279 0.155685 -0.00797497 -0.0129192
0.269216 0.140122 0.229594 0.202786 0.165433 0.202563 0.594204 0.235971 -0.287544 -0.0675897 -0.0321766 0.0340805
0.749518 0.375467 -0.453464 -0.221309 -0.312208 -0.389149 -0.180086 0.133789 -0.252214 -0.159419 -0.111395 -0.00425876
