A matrix of model:
   0.895578010438480730000000000000    0.104421989561519200000000000000    0.000000000000000000000000000000    0.000000000000000000000000000000    0.000000000000000000000000000000 
   0.000000000000000000000000000000    0.706248936262306780000000000000    0.293751063737693330000000000000    0.000000000000000000000000000000    0.000000000000000000000000000000 
   0.000000000000000000000000000000    0.000000000000000000000000000000    0.677086339831955100000000000000    0.322913660168044960000000000000    0.000000000000000000000000000000 
   0.000000000000000000000000000000    0.000000000000000000000000000000    0.000000000000000000000000000000    0.925679912542276220000000000000    0.074320087457723907000000000000 
   0.000000000000000000000000000000    0.000000000000000000000000000000    0.000000000000000000000000000000    0.000000000000000000000000000000    1.000000000000000000000000000000 

B matrix of model:
   0.000000000000000000000000000001    0.000000000000000000000000000001    0.000000000000000000000000000001    0.000000000000000000000000000001    0.000000000000000000000000000001    0.000000000000000000000000000001    0.000000000000000000000000000001    0.000000000000000000000000000001    0.000000000000000000000000000001    0.000000000000000000000000000001    0.000000000000000000000000000001    0.000000000000000000000000000001    0.000000000000000000000000000001    0.000000000000000000000000000001    0.000000000000000000000000000001    0.000000000000000000000000000001    0.000000000000000000000000000001    0.000000000000000000000000000001    0.000000000000000000000000000001    0.000000000000000000000000000001    0.000000000000000000000000000001    0.000000000000000000000000000001    0.000000000000000000000000000001    0.000000000000000000000000000001    0.000000000000000000000000000001    0.000000000000000000000000000001    0.000000000000000000000000000001    0.000000000000000000000000000001    0.000000000000520625493098416740    0.701681436779903130000000000000    0.209818341648824740000000000000    0.088500221570751561000000000000 
   0.000000000000000000000000000001    0.000000000000000000000000000001    0.000000000000000000000000000001    0.000000000000000000000000000001    0.000000013635309573117112000000    0.000000550006720966166280000000    0.000000000010115762247590135000    0.000000283236070069579180000000    0.000000003412966619435396600000    0.000000000000000000000000000001    0.000000000000000000000000000001    0.000000000000000000000000000001    0.000000000181505028811941980000    0.000000457227241665763680000000    0.000000000000080204284446360447    0.000000609980500395025650000000    0.000000000000000000000000000001    0.000000000000000000000000000001    0.000000000000000000000000000001    0.000000000000000000000000000001    0.000000000000000000000000000001    0.000000000000000000000000000001    0.000000000000000000000000000001    0.000000000000000000000000000001    0.000000000000000000000000000001    0.000189107519666125610000000000    0.000000000036220126769522706000    0.000000003637973642532982600000    0.700750267079600530000000000000    0.126227968444445000000000000000    0.111756652294581480000000000000    0.061074083297002799000000000000 
   0.000000000000000000000000000001    0.005870678600928202000000000000    0.000000000000000000000000000001    0.000000000000000000000000000001    0.028680881739038107000000000000    0.050294691104824422000000000000    0.046088643429743975000000000000    0.067919920948874696000000000000    0.014399037867950427000000000000    0.004943085111190600800000000000    0.001966043858032506800000000000    0.000000000000000000000000000001    0.063771969728554437000000000000    0.034571841307852028000000000000    0.046156445883814755000000000000    0.047606574243434403000000000000    0.000000000000000000000000000001    0.000000000000000000000000000001    0.000000000000000000000000000001    0.002041801818891385500000000000    0.000000000000000000000000000001    0.000000000000000000000000000001    0.000000000000000000000000000001    0.000000000000000000000000000001    0.000000001220053075645832500000    0.025918084709628388000000000000    0.044366082517967316000000000000    0.022342122746167824000000000000    0.057178944395676751000000000000    0.259794030799052170000000000000    0.176089117891414290000000000000    0.000000000076910281718113627000 
   0.000000000000000000000000000001    0.002737334802120332100000000000    0.000000000000000000000000000001    0.003204022950824439500000000000    0.028595649077153375000000000000    0.106750408093541420000000000000    0.073245544890538195000000000000    0.119021485020494300000000000000    0.008186984245898506000000000000    0.006212735838142559300000000000    0.000820041354200802020000000000    0.000812231053765268450000000000    0.130817777920424120000000000000    0.089417206568681587000000000000    0.139045291282409640000000000000    0.091295111174226479000000000000    0.000000000000000000000000000001    0.001177476385525453100000000000    0.000000000000000000000000000001    0.001966828756596057000000000000    0.000000000000000000000000000001    0.000000000000000000000000000001    0.000000000000000000000000000001    0.001434188607506354300000000000    0.004483758098331189600000000000    0.021499182733946923000000000000    0.090942235485868050000000000000    0.048742509715047060000000000000    0.003406799076208102600000000000    0.014830758625918849000000000000    0.009529243950342171000000000000    0.001825194292288709100000000000 
   0.001497822194606619700000000000    0.035413016702521519000000000000    0.000361150610674140350000000000    0.001731753435534401700000000000    0.022251396355173526000000000000    0.062255186747156674000000000000    0.076023591595252141000000000000    0.083391019002876834000000000000    0.092674871362351557000000000000    0.024252563683467433000000000000    0.045744904187003589000000000000    0.002203562296104346000000000000    0.097138154667790411000000000000    0.074643084034556176000000000000    0.066801662713344839000000000000    0.065837311874900772000000000000    0.000082765480338066100000000000    0.001700383983463662500000000000    0.001614321765038684900000000000    0.075109702600013997000000000000    0.000000000000000000000000000001    0.000000000000000000000000000001    0.000862251068536529180000000000    0.000565399311102500920000000000    0.013713962565819089000000000000    0.025174643840994070000000000000    0.072460652391338892000000000000    0.041683931978285280000000000000    0.003987922432857888900000000000    0.004081091188140460000000000000    0.005479220066982909600000000000    0.001262699863772988000000000000 
