A matrix of model:
   0.895968417316187480000000000000    0.104031582683812410000000000000    0.000000000000000000000000000000    0.000000000000000000000000000000    0.000000000000000000000000000000 
   0.000000000000000000000000000000    0.723412589876608170000000000000    0.276587410123391940000000000000    0.000000000000000000000000000000    0.000000000000000000000000000000 
   0.000000000000000000000000000000    0.000000000000000000000000000000    0.682882204388574500000000000000    0.317117795611425560000000000000    0.000000000000000000000000000000 
   0.000000000000000000000000000000    0.000000000000000000000000000000    0.000000000000000000000000000000    0.916402255359976440000000000000    0.083597744640023439000000000000 
   0.000000000000000000000000000000    0.000000000000000000000000000000    0.000000000000000000000000000000    0.000000000000000000000000000000    1.000000000000000000000000000000 

B matrix of model:
   0.000000000000000000000000000001    0.000000000000000000000000000001    0.000000000000000000000000000001    0.000000000000000000000000000001    0.000000000000000000000000000001    0.000000000000000000000000000001    0.000000000000000000000000000001    0.000000000000000000000000000001    0.000000000000000000000000000001    0.000000000000000000000000000001    0.000000000000000000000000000001    0.000000000000000000000000000001    0.000000000000000000000000000001    0.000000000000000000000000000001    0.000000000000000000000000000001    0.000000000000000000000000000001    0.000000000000000000000000000001    0.000000000000000000000000000001    0.000000000000000000000000000001    0.000000000000000000000000000001    0.000000000000000000000000000001    0.000000000000000000000000000001    0.000000000000000000000000000001    0.000000000000000000000000000001    0.000000000000000000000000000001    0.000000000000000000000000000001    0.000000000000000000000000000001    0.000000000000000000000000000001    0.000000000010602426890872596000    0.700558083835489900000000000000    0.208028789811290610000000000000    0.091413126342617126000000000000 
   0.000000000000000000000000000001    0.000000000000000000000000000001    0.000000000000000000000000000001    0.000000000000000000000000000001    0.000000023576309450962487000000    0.000000000001659241628729317800    0.000000000000021302381620230510    0.000000012371632762165022000000    0.000000000000202270206981841580    0.000000000000000000000000000001    0.000000000000000000000000000001    0.000000000000000000000000000001    0.000000000000261723650336552960    0.000000003616978088532379800000    0.000000000000000000000006010486    0.000000004612454929679155600000    0.000000000000000000000000000001    0.000000000000000000000000000001    0.000000000000000000000000000001    0.000000000016171377876821124000    0.000000000000000000000000000001    0.000000000000000000000000000001    0.000000000000000000000000000001    0.000000000000000000000000000001    0.000000000000000000000000000001    0.000000000000000000000000000001    0.000000012964450632077612000000    0.000000007545098529572875600000    0.678654135556111540000000000000    0.133347365555129270000000000000    0.136047790640304920000000000000    0.051950643543213867000000000000 
   0.000000000000000000000000000001    0.001999999999999935900000000000    0.000000000000000000000000000001    0.000000000000000000000000000001    0.022813290701478906000000000000    0.025416487261693585000000000000    0.053201661787799732000000000000    0.071372747446336746000000000000    0.009129125383244137900000000000    0.011218939043118898000000000000    0.000000000000000000000000000001    0.000000000000000000000000000001    0.079503506429148260000000000000    0.056984021200228746000000000000    0.018102695864046871000000000000    0.020270549669738333000000000000    0.000000000000000000000000000001    0.000000000000000000000000000001    0.000000000000000000000000000001    0.066233451342281674000000000000    0.000000000000000000000000000001    0.000000000000000000000000000001    0.000000000000000000000000000001    0.000000000000000000000000000001    0.000000000000000000000000000001    0.016602265542011781000000000000    0.068390363575482283000000000000    0.066440040143549997000000000000    0.045526287194284067000000000000    0.235075284113230750000000000000    0.131492010575048830000000000000    0.000227272727276359300000000000 
   0.000000000000000000000000000001    0.002590915028973812600000000000    0.000000000000000000000000000001    0.000000000000000000000000000001    0.021475886624323023000000000000    0.039421943950862334000000000000    0.074615733316372154000000000000    0.092755645471183548000000000000    0.020772092214612969000000000000    0.007302037373340532900000000000    0.000000000000000000000000000001    0.000000000000000000000000000001    0.181693945877845990000000000000    0.113183187402908160000000000000    0.067176795253292718000000000000    0.067099068737788065000000000000    0.000000000000000000000000000001    0.003796809341801883200000000000    0.000000000000000000000000000001    0.063474146969083045000000000000    0.000000000000000000000000000001    0.000000000000000000000000000001    0.000000000000000000000000000001    0.001458686154038571200000000000    0.004085184472996777500000000000    0.027016073529442512000000000000    0.109079468575349680000000000000    0.093161368097420774000000000000    0.001870799541918808900000000000    0.001871651799168669400000000000    0.005237307786184801400000000000    0.000861252481091246440000000000 
   0.000372687886231233000000000000    0.002267626930030072900000000000    0.000321234986529169980000000000    0.000965018475111565540000000000    0.020011935727587166000000000000    0.038165430156281023000000000000    0.061710102955817997000000000000    0.075742398789218970000000000000    0.043209259112234555000000000000    0.035493020238022109000000000000    0.001150965746974798100000000000    0.007487347755966385100000000000    0.112187642305437370000000000000    0.072632238169533431000000000000    0.048260854562333332000000000000    0.054679820431937018000000000000    0.003204110060685552500000000000    0.022700103345749009000000000000    0.001174746542974016000000000000    0.036993225936511720000000000000    0.010626614918334444000000000000    0.090096861089925429000000000000    0.001944920604720806800000000000    0.044151867071434932000000000000    0.015180106596245264000000000000    0.031307364730229666000000000000    0.084539974756548078000000000000    0.061103229797609862000000000000    0.009985549896033774800000000000    0.003735813972711456200000000000    0.003592875932784609300000000000    0.005005050518255080800000000000 
