A matrix of model:
   0.894480286885259710000000000000    0.105519713114740550000000000000    0.000000000000000000000000000000    0.000000000000000000000000000000    0.000000000000000000000000000000 
   0.000000000000000000000000000000    0.709325713406687150000000000000    0.290674286593312350000000000000    0.000000000000000000000000000000    0.000000000000000000000000000000 
   0.000000000000000000000000000000    0.000000000000000000000000000000    0.666475501857411220000000000000    0.333524498142588890000000000000    0.000000000000000000000000000000 
   0.000000000000000000000000000000    0.000000000000000000000000000000    0.000000000000000000000000000000    0.932492507734051120000000000000    0.067507492265949098000000000000 
   0.000000000000000000000000000000    0.000000000000000000000000000000    0.000000000000000000000000000000    0.000000000000000000000000000000    1.000000000000000000000000000000 

B matrix of model:
   0.000000000000000000000000000001    0.000000000000000000000000000001    0.000000000000000000000000000001    0.000000000000000000000000000001    0.000000000000000000000000000001    0.000000000000000000000000000001    0.000000000000000000000000000001    0.000000000000000000000000000001    0.000000000000000000000000000001    0.000000000000000000000000000001    0.000000000000000000000000000001    0.000000000000000000000000000001    0.000000000000000000000000000001    0.000000000000000000000000000001    0.000000000000000000000000000001    0.000000000000000000000000000001    0.000000000000000000000000000001    0.000000000000000000000000000001    0.000000000000000000000000000001    0.000000000000000000000000000001    0.000000000000000000000000000001    0.000000000000000000000000000001    0.000000000000000000000000000001    0.000000000000000000000000000001    0.000000000000000000000000000001    0.000000000000000000000000000001    0.000000000000000000000000000001    0.000000000000000000000000000001    0.000000000045700400868611808000    0.702837830763163530000000000000    0.210915472186977950000000000000    0.086246697004158351000000000000 
   0.000000000000000000000000000001    0.000000000000000000000000000001    0.000000000000000000000000000001    0.000000000000000000000000000001    0.000000000000035376999106593663    0.000000000004028517158943478300    0.000000007097102163211046400000    0.000000000003754941308869504000    0.000000000000000000000000000001    0.000000000000000000000000000001    0.000000000000000000000000000001    0.000000000000000000000000000001    0.000000003092902824472128900000    0.000000000013101423901176527000    0.000000000000206997778432746360    0.000000259185127404768130000000    0.000000000000000000000000000001    0.000000000000004745104431150271    0.000000000000000000000000000001    0.000000000000000000000000000001    0.000000000000000000000000000001    0.000000000000000000000000000001    0.000000000000000000000000000001    0.000000000000000000000000000001    0.000000000000000000000000000001    0.000000000000000000000000000001    0.000000003658633193675106500000    0.000000000070909254882453674000    0.701754850585743270000000000000    0.133247532722313070000000000000    0.099658518056658596000000000000    0.065338825509478185000000000000 
   0.000000000000000000000000000001    0.000000000000000000000000000001    0.000000000000000000000000000001    0.000000000000000000691359072853    0.014264446116869462000000000000    0.025010028361053739000000000000    0.030557653786035387000000000000    0.083446860676742424000000000000    0.007493118430444519400000000000    0.008226459225174447000000000000    0.000000000000000000000000000001    0.000000000000000000000000000001    0.061768622899975097000000000000    0.037942191585457148000000000000    0.039254536756711381000000000000    0.025360254867555509000000000000    0.000000000000000000000000000001    0.009223365742366068700000000000    0.000000000000000000000000000001    0.006546205022454693700000000000    0.000000000000000000000000000001    0.000000000000000000000000000001    0.000000000000000000000000000001    0.000000000000000000000000000001    0.000000000000000000000000000001    0.014349349667295340000000000000    0.048282580902202089000000000000    0.057842021634688441000000000000    0.072500528747627926000000000000    0.255067374494954870000000000000    0.202809934169868700000000000000    0.000054466912522648878000000000 
   0.000000000000000000000000000001    0.000000000000000000000000000001    0.000000000000000000000000000001    0.001281158381398312100000000000    0.014856387985916750000000000000    0.061219795601759427000000000000    0.053266935673068304000000000000    0.197974487092067470000000000000    0.011505579843054149000000000000    0.013898040237476433000000000000    0.000000000000000000000000000001    0.000000000000000000000000000001    0.063123396815605096000000000000    0.099955266837717632000000000000    0.087334271966289290000000000000    0.099790761671784661000000000000    0.000000000000000000000000000001    0.002048086556817737500000000000    0.000000000000000000000000000001    0.012825820307667985000000000000    0.000000000000000000000000000001    0.000000000000000000000000000001    0.000000000000000000000000000001    0.000312531116001532930000000000    0.001563500274384764500000000000    0.022781857085210584000000000000    0.094972255830338193000000000000    0.136122178919289400000000000000    0.004654920434115856000000000000    0.012329676393157723000000000000    0.007602104722309218700000000000    0.000580986254569369300000000000 
   0.000000000000000000000000000001    0.000495271274397528170000000000    0.000000000000000000000000000001    0.000185244130926167060000000000    0.005666410763502221700000000000    0.042380212018249638000000000000    0.038237365711840138000000000000    0.120590856515480030000000000000    0.041782477128240368000000000000    0.076522593266423453000000000000    0.001005053623473708300000000000    0.025867668126840201000000000000    0.026774132391709470000000000000    0.062650448807232709000000000000    0.047830856061162504000000000000    0.075024641402830050000000000000    0.000272141534731570650000000000    0.009026122471249266300000000000    0.000846050193634235920000000000    0.005568362476457296700000000000    0.069577280119823892000000000000    0.056081018869248413000000000000    0.004154161687644200200000000000    0.023165675363048858000000000000    0.008945442874763114000000000000    0.059400339283127580000000000000    0.059589589139386862000000000000    0.112250285721856440000000000000    0.004892596828487699400000000000    0.003280006625503918900000000000    0.010660939825866144000000000000    0.007276755762862230200000000000 
