A matrix of model:
   0.895023659089058680000000000000    0.104976340910941310000000000000    0.000000000000000000000000000000    0.000000000000000000000000000000    0.000000000000000000000000000000 
   0.000000000000000000000000000000    0.730389775079139710000000000000    0.269610224920860120000000000000    0.000000000000000000000000000000    0.000000000000000000000000000000 
   0.000000000000000000000000000000    0.000000000000000000000000000000    0.700280181821276490000000000000    0.299719818178723510000000000000    0.000000000000000000000000000000 
   0.000000000000000000000000000000    0.000000000000000000000000000000    0.000000000000000000000000000000    0.920208988477886900000000000000    0.079791011522113514000000000000 
   0.000000000000000000000000000000    0.000000000000000000000000000000    0.000000000000000000000000000000    0.000000000000000000000000000000    1.000000000000000000000000000000 

B matrix of model:
   0.000000000000000000000000000001    0.000000000000000000000000000001    0.000000000000000000000000000001    0.000000000000000000000000000001    0.000000000000000000000000000001    0.000000000000000000000000000001    0.000000000000000000000000000001    0.000000000000000000000000000001    0.000000000000000000000000000001    0.000000000000000000000000000001    0.000000000000000000000000000001    0.000000000000000000000000000001    0.000000000000000000000000000001    0.000000000000000000000000000001    0.000000000000000000000000000001    0.000000000000000000000000000001    0.000000000000000000000000000001    0.000000000000000000000000000001    0.000000000000000000000000000001    0.000000000000000000000000000001    0.000000000000000000000000000001    0.000000000000000000000000000001    0.000000000000000000000000000001    0.000000000000000000000000000001    0.000000000000000000000000000001    0.000000000000000000000000000001    0.000000000000000000000000000001    0.000000000000000000000000000001    0.000000008726146938094307900000    0.700575315422285570000000000000    0.209896490067299130000000000000    0.089528185784268202000000000000 
   0.000000000000000000000000000001    0.000000000000000000000000000001    0.000000000000000000000000000001    0.000000000012168975554905107000    0.000000011656389921215382000000    0.000000000000000000421375071886    0.000000002574662566755622600000    0.000000054103491859260436000000    0.000000138780480573637470000000    0.000000000000000000000000000001    0.000000000000000000000000000001    0.000000000000000000000000000001    0.000004956901286385594500000000    0.000000000093711368472865378000    0.000000454129049446669000000000    0.000000004648387707812658000000    0.000000000000000000000000000001    0.000000059738502125278075000000    0.000000000000000000000000000001    0.000000000000000000000000242174    0.000000000000000000000000000001    0.000000000000000000000000000001    0.000000000000000000000000000001    0.000000000000000000000000000001    0.000000000000001394775647724427    0.000000000000092927468485498073    0.000000000002109086910491860800    0.000000029559667303352430000000    0.644061585683603170000000000000    0.165379931283646480000000000000    0.131813460834229210000000000000    0.058739309998519583000000000000 
   0.000000000000000000000000000001    0.000000000000000000000000000001    0.000000000000000000000000000001    0.010151204598797576000000000000    0.062430821329948483000000000000    0.031607443956357117000000000000    0.043025811404365982000000000000    0.082385782199691129000000000000    0.040833924613070095000000000000    0.010666921773932891000000000000    0.005000000000000001000000000000    0.001250000000000000900000000000    0.050469118947649182000000000000    0.057588910407340294000000000000    0.043359047868472160000000000000    0.027980887676490714000000000000    0.000000000000000000000000000001    0.008425018790775505200000000000    0.001999999999999996600000000000    0.033620359330876995000000000000    0.000000000000000000000000000001    0.000000000000000000000000000001    0.000000000000000000000000000001    0.000000000000000000000000000001    0.009803829992488416100000000000    0.022379544524582608000000000000    0.031995079609642853000000000000    0.056201959396872420000000000000    0.057737542304298721000000000000    0.190141908820640780000000000000    0.120944880679443550000000000000    0.000000001774262445204972500000 
   0.000000000000000000000000000001    0.002620877563969368400000000000    0.008125000000000000300000000000    0.003743331895054354300000000000    0.072420422260023334000000000000    0.090452257311643275000000000000    0.118957616743641360000000000000    0.062061589905090281000000000000    0.023929027211023635000000000000    0.019865859181190510000000000000    0.000000000000000000000000000001    0.001479680793505202200000000000    0.138573316070758460000000000000    0.054950367270583167000000000000    0.060336996420659650000000000000    0.077392500276343285000000000000    0.000000000000000000000000000001    0.007862809438215087600000000000    0.000739840396752601110000000000    0.033055208703342019000000000000    0.000739840396752601110000000000    0.001000050351092414600000000000    0.000498248857708523420000000000    0.001579903097572144500000000000    0.000000000000450142266315507930    0.027815432093312345000000000000    0.107390436979246050000000000000    0.056133402296519259000000000000    0.002067488017195425300000000000    0.010607190528603282000000000000    0.014345552879695061000000000000    0.001255753060057204900000000000 
   0.002113663663115070700000000000    0.038531290824655777000000000000    0.050379916749128034000000000000    0.062457945251396960000000000000    0.073401318808175922000000000000    0.081666110269242351000000000000    0.106080922774585030000000000000    0.065814286006957004000000000000    0.071078817069697778000000000000    0.020044382676563281000000000000    0.016707863223801314000000000000    0.016671892856686507000000000000    0.095766612271046492000000000000    0.043496527507919172000000000000    0.041131507978724488000000000000    0.041550034946285834000000000000    0.000000000000000000000000000001    0.003432119094167360500000000000    0.000366320235761533560000000000    0.020214182625504621000000000000    0.000527569965366975570000000000    0.000166404386675727830000000000    0.001951488747079292900000000000    0.000858417117152648790000000000    0.012951978273577072000000000000    0.016788953560769163000000000000    0.064507721035722540000000000000    0.039379757931988252000000000000    0.002897354827988902700000000000    0.001754146297100612200000000000    0.005184293816811632600000000000    0.002126199206352647700000000000 
