A matrix of model:
   0.892325494934664400000000000000    0.107674505065335530000000000000    0.000000000000000000000000000000    0.000000000000000000000000000000    0.000000000000000000000000000000 
   0.000000000000000000000000000000    0.671597579550510580000000000000    0.328402420449489090000000000000    0.000000000000000000000000000000    0.000000000000000000000000000000 
   0.000000000000000000000000000000    0.000000000000000000000000000000    0.695678420275906870000000000000    0.304321579724093240000000000000    0.000000000000000000000000000000 
   0.000000000000000000000000000000    0.000000000000000000000000000000    0.000000000000000000000000000000    0.929413958602200880000000000000    0.070586041397798741000000000000 
   0.000000000000000000000000000000    0.000000000000000000000000000000    0.000000000000000000000000000000    0.000000000000000000000000000000    1.000000000000000000000000000000 

B matrix of model:
   0.000000000000000000000000000001    0.000000000000000000000000000001    0.000000000000000000000000000001    0.000000000000000000000000000001    0.000000000000000000000000000001    0.000000000000000000000000000001    0.000000000000000000000000000001    0.000000000000000000000000000001    0.000000000000000000000000000001    0.000000000000000000000000000001    0.000000000000000000000000000001    0.000000000000000000000000000001    0.000000000000000000000000000001    0.000000000000000000000000000001    0.000000000000000000000000000001    0.000000000000000000000000000001    0.000000000000000000000000000001    0.000000000000000000000000000001    0.000000000000000000000000000001    0.000000000000000000000000000001    0.000000000000000000000000000001    0.000000000000000000000000000001    0.000000000000000000000000000001    0.000000000000000000000000000001    0.000000000000000000000000000001    0.000000000000000000000000000001    0.000000000000000000000000000001    0.000000000000000000000000000001    0.000000000005430589515016418200    0.706264775446206140000000000000    0.215298143312917830000000000000    0.078437081235445516000000000000 
   0.000000000000000000000000000001    0.000000000000000000000000000001    0.000000000000000000000000000001    0.000000000000000000000000000001    0.000000003469523719667223800000    0.000000000007636789187398748500    0.000000001685099738035554800000    0.000000000000000000000020671023    0.000000000000000001506806281301    0.000000000000000000000000000001    0.000000000000000000000000000001    0.000000000000000000000000000001    0.000000000027785021996690968000    0.000000000477775924416608150000    0.000000000000016638250977737003    0.000000000504815275641531670000    0.000000000000000000000000000001    0.000000000000000000000000000001    0.000000000000000000000000000001    0.000000000000000000000000000001    0.000000000000000000000000000001    0.000000000000000000000000000001    0.000000000000000000000000000001    0.000000000000000000000000000001    0.000000000000000000000000000001    0.000000001353440346813818500000    0.000000000000657954635726198210    0.000000000744317391433580440000    0.628762972829094210000000000000    0.154538052606265710000000000000    0.094257113181500513000000000000    0.122441853112070760000000000000 
   0.000000000000000000000000000001    0.000000000000000000000000000001    0.000000000000000000000000000001    0.000000000000000000000000000001    0.033215397411604980000000000000    0.015903088034100683000000000000    0.053736642678263974000000000000    0.038184016484420331000000000000    0.007746621758617218100000000000    0.000000000000000000000000000001    0.000000000000000000000000000001    0.000000000000000000000000000001    0.077678528439915379000000000000    0.040966092202403451000000000000    0.033605348542012921000000000000    0.019039467767105848000000000000    0.000000000000000000000000000001    0.000000000000000000000000000001    0.000000000000000000000000000001    0.005706818632047836600000000000    0.000000000000000000000000000001    0.000000000000000000000000000001    0.000000000000000000000000000001    0.000000000000000000000000000001    0.000000000000000000000000000001    0.008501372375684754200000000000    0.053399199594099729000000000000    0.045043443889531333000000000000    0.119630995529215520000000000000    0.265860294857123700000000000000    0.180883558778426490000000000000    0.000899113025426041370000000000 
   0.000000000000000000000000000001    0.001178437927780766600000000000    0.000000000000000000000000000001    0.009111190342759738900000000000    0.072365825667236053000000000000    0.103964388813028260000000000000    0.125938523278881190000000000000    0.076349405175060281000000000000    0.007395831632244744700000000000    0.001232514747403237900000000000    0.000000000000000000000000000001    0.000000000000000000000000000001    0.179596235159938610000000000000    0.068558229171398588000000000000    0.123470111996260720000000000000    0.056615216309627403000000000000    0.000000000000000000000000000001    0.005000232516162305900000000000    0.000000000000000000000000000001    0.010261872679627047000000000000    0.000000000000000000000000000001    0.000000000000000000000000000001    0.000000000000000000000000000001    0.000000000000000000000000000001    0.000326186540758680030000000000    0.017265546307552095000000000000    0.066823322624210008000000000000    0.029773849659473373000000000000    0.015951230106582580000000000000    0.020202609509021044000000000000    0.006888679047276666900000000000    0.001730560787716457500000000000 
   0.000113479054603523200000000000    0.004911322918802623500000000000    0.000097236270940984047000000000    0.005592723724597258000000000000    0.130795806010539200000000000000    0.054422082981777510000000000000    0.081417457595150150000000000000    0.048976746813000849000000000000    0.038203175163984041000000000000    0.016193781482281948000000000000    0.000193296223146217330000000000    0.000089720930222309298000000000    0.134838877494418280000000000000    0.054427659389050614000000000000    0.084729807990101075000000000000    0.039411974853414584000000000000    0.098886788614715546000000000000    0.037863157332788736000000000000    0.016824983638846460000000000000    0.041111694637659069000000000000    0.000090705649096365463000000000    0.001659812566170340100000000000    0.001248420356922729100000000000    0.000534320158164844090000000000    0.000372545021228515970000000000    0.012208884005273236000000000000    0.063280841437384841000000000000    0.028145538525232425000000000000    0.000838905416805207790000000000    0.000272283943404089990000000000    0.001636343355380566900000000000    0.000609626444895832140000000000 
