A matrix of model:
   0.892733786732388570000000000000    0.107266213267611600000000000000    0.000000000000000000000000000000    0.000000000000000000000000000000    0.000000000000000000000000000000 
   0.000000000000000000000000000000    0.659004980779245960000000000000    0.340995019220753760000000000000    0.000000000000000000000000000000    0.000000000000000000000000000000 
   0.000000000000000000000000000000    0.000000000000000000000000000000    0.696700568167108570000000000000    0.303299431832891150000000000000    0.000000000000000000000000000000 
   0.000000000000000000000000000000    0.000000000000000000000000000000    0.000000000000000000000000000000    0.919946095389544080000000000000    0.080053904610455792000000000000 
   0.000000000000000000000000000000    0.000000000000000000000000000000    0.000000000000000000000000000000    0.000000000000000000000000000000    1.000000000000000000000000000000 

B matrix of model:
   0.000000000000000000000000000001    0.000000000000000000000000000001    0.000000000000000000000000000001    0.000000000000000000000000000001    0.000000000000000000000000000001    0.000000000000000000000000000001    0.000000000000000000000000000001    0.000000000000000000000000000001    0.000000000000000000000000000001    0.000000000000000000000000000001    0.000000000000000000000000000001    0.000000000000000000000000000001    0.000000000000000000000000000001    0.000000000000000000000000000001    0.000000000000000000000000000001    0.001001083445682577300000000000    0.000000000000000000000000000001    0.000000000000000000000000000001    0.000000000000000000000000000001    0.000000000000000000000000000001    0.000000000000000000000000000001    0.000000000000000000000000000001    0.000000000000000000000000000001    0.000000000000000000000000000001    0.000000000000000000000000000001    0.004287648627479762400000000000    0.001147423385362822900000000000    0.000000000000000000000000000001    0.000000000332313786878940370000    0.698109021872132420000000000000    0.221012962839049980000000000000    0.074441859497978879000000000000 
   0.000000000000000000000000000001    0.000000000000000000000000000001    0.000000000000000000000000000001    0.000000000000000000000000000001    0.000000000000000000000000000001    0.000000000000000000000000000001    0.000000000000000000000000000424    0.000000000000084300426211423107    0.000000006041943854709021700000    0.000000000009265424942237746400    0.000000000000000000000000000001    0.000000000000000000000000000001    0.000000000000000000000000000001    0.000000011693501330448077000000    0.000000000746441788938480430000    0.000000000000000013231519619759    0.000000000000000000000000000001    0.000000000000000198444948773516    0.000000000000000000000000000001    0.000000000000000000000000000001    0.000000000000000000000000000001    0.000000000000000000000000000001    0.000000000000000000000000000001    0.000000000000000000000000000001    0.000000000000000000000000000001    0.000002801485292264594700000000    0.000000001922514968198323100000    0.000000000000000047554231607450    0.663915915120509070000000000000    0.127653754805490630000000000000    0.084283264510229022000000000000    0.124144243664727510000000000000 
   0.000000000000000000000000000001    0.000000000000000000000000000001    0.000000000000000000000000000001    0.000000000000000000000000000001    0.005018730068258297300000000000    0.027258298065440542000000000000    0.026421936867426742000000000000    0.044820592904578099000000000000    0.008921291977618756400000000000    0.003348484749790898700000000000    0.000000000000000000000000000001    0.000000000000000000000000000001    0.026158583650372144000000000000    0.065786022891574703000000000000    0.026776126290981330000000000000    0.031221752068642070000000000000    0.000000000000000000000000000001    0.003312633869140968600000000000    0.000000000000000000000000000001    0.001900446349010268000000000000    0.000000000000000000000000000001    0.000000000000000000000000000001    0.000000000000000000000000000001    0.000000000000000000000000000001    0.000000000000000000000000000001    0.012667043959300779000000000000    0.061193742845679147000000000000    0.066671218309486011000000000000    0.097791381698213511000000000000    0.284522384622905860000000000000    0.206209328428500040000000000000    0.000000000383079826446643800000 
   0.000000000000000000000000000001    0.000000000000000000000000000001    0.000000000000000000000000000001    0.001304365846006819300000000000    0.003928993409582116900000000000    0.048401676211199965000000000000    0.054049096023980149000000000000    0.147168273723245760000000000000    0.009070000360747083200000000000    0.002171111631932988900000000000    0.000000000000000000000000000001    0.000000000000000000000000000001    0.059165613800301456000000000000    0.121775093705829240000000000000    0.133811478229569650000000000000    0.123686855410816450000000000000    0.000000000000000000000000000001    0.002300509409189383400000000000    0.000000000000000000000000000001    0.002623305130556576200000000000    0.000000000000000000000000000001    0.000000000000000000000000000001    0.000000000000000000000000000001    0.000000000000000000000000000001    0.003405440023389516500000000000    0.031634941928855985000000000000    0.132701119445904710000000000000    0.060434853021373247000000000000    0.018482581564699771000000000000    0.031126753284131475000000000000    0.010581221785346239000000000000    0.002176716053341297500000000000 
   0.000341002972383027420000000000    0.015548227532799356000000000000    0.017395657194702142000000000000    0.082751627460612390000000000000    0.004127361881030763500000000000    0.044950876393895813000000000000    0.034188487267546530000000000000    0.082414546782326070000000000000    0.038500572546747248000000000000    0.044444367109441503000000000000    0.000083816154034808534000000000    0.000104075210373280780000000000    0.040310758556376010000000000000    0.097979051192415567000000000000    0.089990736418950057000000000000    0.130254061511854400000000000000    0.000000000000000000000000000001    0.002238983874782407900000000000    0.000000000000000000000000000001    0.003960699019987470700000000000    0.000190732671703132990000000000    0.000406150659181420690000000000    0.000686500293758026950000000000    0.056377571050786980000000000000    0.000973722663457141650000000000    0.041200395898193749000000000000    0.085263456066233145000000000000    0.070263274624437100000000000000    0.007630288025655054300000000000    0.002069170974124977200000000000    0.005187061237331205700000000000    0.000166766754879179530000000000 
