A matrix of model:
   0.888531251765947160000000000000    0.111468748234052920000000000000    0.000000000000000000000000000000    0.000000000000000000000000000000    0.000000000000000000000000000000 
   0.000000000000000000000000000000    0.652815831311409520000000000000    0.347184168688590140000000000000    0.000000000000000000000000000000    0.000000000000000000000000000000 
   0.000000000000000000000000000000    0.000000000000000000000000000000    0.707311868236709220000000000000    0.292688131763290780000000000000    0.000000000000000000000000000000 
   0.000000000000000000000000000000    0.000000000000000000000000000000    0.000000000000000000000000000000    0.923287432251551960000000000000    0.076712567748447910000000000000 
   0.000000000000000000000000000000    0.000000000000000000000000000000    0.000000000000000000000000000000    0.000000000000000000000000000000    1.000000000000000000000000000000 

B matrix of model:
   0.000000000000000000000000000001    0.000000000000000000000000000001    0.000000000000000000000000000001    0.000000000000000000000000000001    0.000000000000000000000000000001    0.000000000000000000000000000001    0.000000000000000000000000000001    0.000000000000000000000000000001    0.000000000000000000000000000001    0.000000000000000000000000000001    0.000000000000000000000000000001    0.000000000000000000000000000001    0.000000000000000000000000000001    0.000000000000000000000000000001    0.000000000000000000000000000001    0.000000000000000000000000000001    0.000000000000000000000000000001    0.000000000000000000000000000001    0.000000000000000000000000000001    0.000000000000000000000000000001    0.000000000000000000000000000001    0.000000000000000000000000000001    0.000000000000000000000000000001    0.000000000000000000000000000001    0.000000000000000000000000000001    0.000000000000000000000000000001    0.000000000000000000000000000001    0.000000000000000000000000000001    0.000000000000230383511194984840    0.710106044576899630000000000000    0.222920331442590710000000000000    0.066973623980279534000000000000 
   0.000000000000000000000000000001    0.000000000000000000000000000001    0.000000000000000000000000000001    0.000000000000000000000000000001    0.000000000000000000000000000001    0.000000000000196763090926836660    0.000000000121912700300772080000    0.000000000000559983888709945140    0.000000000000000000000000000001    0.000000043956974832879059000000    0.000000000000000000000000000001    0.000000000000000000000000000001    0.000000000000064642260136207715    0.000000000913190775821407060000    0.000000000000001920478407800565    0.000000282429604437228840000000    0.000000000000000000000000000001    0.000000000000000000000000000001    0.000000000000000000000000000001    0.000000000000000000000000000001    0.000000000000000000000000000001    0.000000000000000000000000000001    0.000000000000000000000000000001    0.000000000000000000000000000001    0.000000000001572716016736923600    0.000000000031114112715104695000    0.000005077101398467056800000000    0.000000000000000000000000000001    0.542772859004188590000000000000    0.214100500547424800000000000000    0.074266251632071956000000000000    0.168854984259723620000000000000 
   0.000000000000000000000000000001    0.000000000000000000000000000001    0.000000000000000000000000000001    0.000000000000000000000000000001    0.003879184877042012700000000000    0.015835845968188308000000000000    0.018766332596831619000000000000    0.027010513334889293000000000000    0.040313309967869172000000000000    0.030999689899563396000000000000    0.001667301782775077800000000000    0.000000000000000000000000000001    0.017291066108217318000000000000    0.022710352581701242000000000000    0.020312502552801027000000000000    0.039937779315256661000000000000    0.000000000000000000000000000001    0.000000000000000000000000000001    0.000000000000000000000000000001    0.000000000000000000000000000001    0.000000000000000000000000000001    0.000000000000000000000000000001    0.000000000000000000000000000001    0.000000000000000000000000000001    0.015588030174709286000000000000    0.033312446457348648000000000000    0.023662735373570797000000000000    0.036438995514823797000000000000    0.181212987657876970000000000000    0.271583369165641960000000000000    0.199476345630897140000000000000    0.000001211039996199362500000000 
   0.000000000000000000000000000001    0.000000000000000000000000000001    0.000000000000000000000000000001    0.000000000000000000000000000001    0.004072713028156680500000000000    0.058437712210759295000000000000    0.096092796215806742000000000000    0.069830416515034632000000000000    0.063225909177132278000000000000    0.028939401186747399000000000000    0.001596773381175284400000000000    0.000000000000000000000000000001    0.015456835678489459000000000000    0.029649757528022389000000000000    0.094635101397652535000000000000    0.117223013677993720000000000000    0.000000000000000000000000000001    0.008657052593054144100000000000    0.000000000000000000000000000001    0.000000000000000000000000000001    0.000000000000000000000000000001    0.004271281459185285300000000000    0.000000000000000000000000000001    0.004004475862959751800000000000    0.006387093577980253000000000000    0.269338976213797650000000000000    0.051520491027010798000000000000    0.047275083809287022000000000000    0.008938474933946781100000000000    0.009397705585658828000000000000    0.002874722010246456600000000000    0.008174212929902570000000000000 
   0.088457651701982151000000000000    0.020658541919616552000000000000    0.001314893741841725100000000000    0.004874628160949583300000000000    0.014561119287083802000000000000    0.026703081814610147000000000000    0.043710313960037397000000000000    0.055116770549054818000000000000    0.095619753389834458000000000000    0.079513984316946631000000000000    0.000902412326476784200000000000    0.000406447859458126790000000000    0.025254273853885793000000000000    0.020090015968634436000000000000    0.040189815812994564000000000000    0.077259378078407298000000000000    0.000000000000000000000000000001    0.005377732432382585100000000000    0.000382359470987358190000000000    0.043661983733369762000000000000    0.000286427810235529940000000000    0.001336581135587552800000000000    0.000709507565267455950000000000    0.001949068831348239600000000000    0.004458257979226288800000000000    0.245809827344465990000000000000    0.036558440103995421000000000000    0.050128719193080366000000000000    0.005929894444072955300000000000    0.003883859326775733600000000000    0.003691329808598950100000000000    0.001202928078791706000000000000 
