A matrix of model:
   0.896852300174775800000000000000    0.103147699825224440000000000000    0.000000000000000000000000000000    0.000000000000000000000000000000    0.000000000000000000000000000000 
   0.000000000000000000000000000000    0.730115921549786990000000000000    0.269884078450213230000000000000    0.000000000000000000000000000000    0.000000000000000000000000000000 
   0.000000000000000000000000000000    0.000000000000000000000000000000    0.686855718922353310000000000000    0.313144281077646800000000000000    0.000000000000000000000000000000 
   0.000000000000000000000000000000    0.000000000000000000000000000000    0.000000000000000000000000000000    0.938836649597799890000000000000    0.061163350402200244000000000000 
   0.000000000000000000000000000000    0.000000000000000000000000000000    0.000000000000000000000000000000    0.000000000000000000000000000000    1.000000000000000000000000000000 

B matrix of model:
   0.000000000000000000000000000001    0.000000000000000000000000000001    0.000000000000000000000000000001    0.000000000000000000000000000001    0.000000000000000000000000000001    0.000000000000000000000000000001    0.000000000000000000000000000001    0.000000000000000000000000000001    0.000000000000000000000000000001    0.000000000000000000000000000001    0.000000000000000000000000000001    0.000000000000000000000000000001    0.000000000000000000000000000001    0.000000000000000000000000000001    0.000000000000000000000000000001    0.000000000000000000000000000001    0.000000000000000000000000000001    0.000000000000000000000000000001    0.000000000000000000000000000001    0.000000000000000000000000000001    0.000000000000000000000000000001    0.000000000000000000000000000001    0.000000000000000000000000000001    0.000000000000000000000000000001    0.000000000000000000000000000001    0.001000000000000000000000000000    0.001000000000000000000000000000    0.000000000000000000000000000001    0.000000000000253000792121054720    0.696186448905015690000000000000    0.208224197626741800000000000000    0.093589353467989828000000000000 
   0.000000000000000000000000000001    0.000000000000000000000000000001    0.000000000000000000000000000001    0.000000000000000000000000000001    0.000000000000000000000000000001    0.000011481583107783950000000000    0.000000000000066409808874200510    0.000000001744622362587186300000    0.000000000200739625392816160000    0.000000000002662031758388737800    0.000000000000000000000000000001    0.000000000000000000000000000001    0.000000855306022058270280000000    0.000000083222723928527461000000    0.000000000000000000000013577238    0.000000040356590889388125000000    0.000000000000000000000000000001    0.000000000000000000000000000001    0.000000000000000000000000000001    0.000000009510981081054561800000    0.000000000000000000000000000001    0.000000000000000000000000000001    0.000000000000000000000000000001    0.000000000000000000000000000001    0.000063023326348240515000000000    0.000000002520355149296833500000    0.000030148117706820504000000000    0.000000000020972154230934435000    0.702724713531561070000000000000    0.129733930643129240000000000000    0.130753840555416110000000000000    0.036681869356995238000000000000 
   0.000000000000000000000000000001    0.000000000000000000000000000001    0.000000000000000000000000000001    0.000000000000000000000000000001    0.009119938824346094200000000000    0.061359610201134653000000000000    0.039696765033661888000000000000    0.070746470953164400000000000000    0.017544609715547502000000000000    0.016686920094450650000000000000    0.000000000000000000000000000001    0.000000000000000000000000000001    0.034489477792017977000000000000    0.061535662747682386000000000000    0.051812854585172589000000000000    0.038063350438336564000000000000    0.000000000000000000000000000001    0.005363893985419925100000000000    0.000000000000000000000000000001    0.021943326075124770000000000000    0.000000000000000000000000000001    0.004803865106351679200000000000    0.000000000000000000000000000001    0.000000000000000000000000000001    0.008836086685540032700000000000    0.033551028289156154000000000000    0.060422676290089926000000000000    0.063875800386785156000000000000    0.033081927153540254000000000000    0.220121339476050060000000000000    0.145071139057509510000000000000    0.001873257108917887400000000000 
   0.000000000000000000000000000001    0.002606912187930566800000000000    0.000000000000000000000000000001    0.000000000000000000000000000001    0.028876391144000698000000000000    0.101672818176018390000000000000    0.094170547658465095000000000000    0.114510112127150020000000000000    0.015619182452232623000000000000    0.010659839350042175000000000000    0.000000000000000000000000000001    0.000440982098498881880000000000    0.126569614857366310000000000000    0.101974478866369000000000000000    0.121092114939860680000000000000    0.070772437287638143000000000000    0.000000000000000000000000000001    0.005170400153003923200000000000    0.000000000000000000000000000001    0.029056782407819823000000000000    0.000670963994937408180000000000    0.006077213434985431100000000000    0.001312512482167469400000000000    0.000000000000000000000000000001    0.000000000000000000000000000001    0.016380642010713001000000000000    0.057616560830565738000000000000    0.070815943258728475000000000000    0.006471476438594045900000000000    0.009780561290767335700000000000    0.006608745514329939000000000000    0.001072767037814798000000000000 
   0.000203414489923055890000000000    0.002317679143619509500000000000    0.000000000000000000000000000001    0.000191729693424256160000000000    0.008026352249096173000000000000    0.063090954278466171000000000000    0.049853518799187375000000000000    0.090770274949584187000000000000    0.055800652246543236000000000000    0.076519179336680954000000000000    0.000275544784248611490000000000    0.001298312277829252300000000000    0.057395548110347805000000000000    0.061170249967083930000000000000    0.062659637019626957000000000000    0.065274846064185724000000000000    0.001425588866335072500000000000    0.051066679369018396000000000000    0.001827165259796101900000000000    0.016390654250169764000000000000    0.019373124965138242000000000000    0.064478282343793908000000000000    0.056118984138164976000000000000    0.013738389959432858000000000000    0.003234043884566547000000000000    0.036865411899475453000000000000    0.053387914745796509000000000000    0.070948290470305889000000000000    0.003791631674976936500000000000    0.003412628424254624100000000000    0.006132833337305973800000000000    0.002960483001621517900000000000 
