A matrix of model:
   0.891699760996926600000000000000    0.108300239003073830000000000000    0.000000000000000000000000000000    0.000000000000000000000000000000    0.000000000000000000000000000000 
   0.000000000000000000000000000000    0.665255364937924140000000000000    0.334744635062076130000000000000    0.000000000000000000000000000000    0.000000000000000000000000000000 
   0.000000000000000000000000000000    0.000000000000000000000000000000    0.684498562942219110000000000000    0.315501437057780940000000000000    0.000000000000000000000000000000 
   0.000000000000000000000000000000    0.000000000000000000000000000000    0.000000000000000000000000000000    0.919603218299833160000000000000    0.080396781700166620000000000000 
   0.000000000000000000000000000000    0.000000000000000000000000000000    0.000000000000000000000000000000    0.000000000000000000000000000000    1.000000000000000000000000000000 

B matrix of model:
   0.000000000000000000000000000001    0.000000000000000000000000000001    0.000000000000000000000000000001    0.000000000000000000000000000001    0.000000000000000000000000000001    0.000000000000000000000000000001    0.000000000000000000000000000001    0.000000000000000000000000000001    0.000000000000000000000000000001    0.000000000000000000000000000001    0.000000000000000000000000000001    0.000000000000000000000000000001    0.000000000000000000000000000001    0.000000000000000000000000000001    0.000000000000000000000000000001    0.000000000000000000000000000001    0.000000000000000000000000000001    0.000000000000000000000000000001    0.000000000000000000000000000001    0.000000000000000000000000000001    0.000000000000000000000000000001    0.000000000000000000000000000001    0.000000000000000000000000000001    0.000000000000000000000000000001    0.000000000000000000000000000001    0.000000000000000000000000000001    0.000000000000000000000000000001    0.000000000000000000000000000001    0.000000000001116937666545019400    0.707408515649456280000000000000    0.216575496962437640000000000000    0.076015987386989184000000000000 
   0.000000000000000000000000000001    0.000000000000000000000000000001    0.000000000000000000000000000001    0.000000000000000000000000000001    0.000000000000112577468095178920    0.000000000000000000000000000002    0.000000005240513997486162700000    0.000003735465053211646200000000    0.000000000000000000000000000001    0.000000000000000000000000000001    0.000000000000000000000000000001    0.000000000000000000000000000001    0.000000000000000000000000000001    0.000000000617541030998479230000    0.000000000682599218426710890000    0.000000000028432407617876710000    0.000000000000000000000000000001    0.000000000000000000000000000001    0.000000000000000000000000000001    0.000000000000000000000000000001    0.000000000000000000000000000001    0.000000000000000000000000000001    0.000000000000000000000000000001    0.000000000000000000000000000001    0.000000000000000000000000000001    0.000000000000000000000000000001    0.000000000026337552153982959000    0.000000000000000000000000005534    0.638269340371099610000000000000    0.153165069839997750000000000000    0.082190342479202649000000000000    0.126371505249110060000000000000 
   0.000000000000000000000000000001    0.004471581731457063000000000000    0.000000000000000000000000000001    0.000000000000000000000000000001    0.017971352085289473000000000000    0.050219131164148771000000000000    0.038961784036594359000000000000    0.061991625932957428000000000000    0.000889493538160777430000000000    0.000000000000000000000000000001    0.000000000000000000000000000001    0.000000000000000000000000000001    0.035520532355383418000000000000    0.038872664821945534000000000000    0.026255576718329354000000000000    0.018914488408359454000000000000    0.000000000000000000000000000001    0.000000000000000000000000000001    0.000000000000000000000000000001    0.000000000000000000000000000001    0.000000000000000000000000000001    0.000000000000000000000000000001    0.000000000000000000000000000001    0.000000000000000000000000000001    0.000000000000000000000000000001    0.014180349614248055000000000000    0.034983324438374909000000000000    0.040325077426512167000000000000    0.126864417520938190000000000000    0.288367531631274990000000000000    0.201211067898146440000000000000    0.000000000677879625815323730000 
   0.000000000000000000000000000001    0.000000000000000000000000000023    0.000000000000000000000000000001    0.000000000000000000000000000001    0.019736107129102877000000000000    0.089049027182928953000000000000    0.098420334328981354000000000000    0.144514143282951840000000000000    0.005188890767786355100000000000    0.000491821705483755760000000000    0.001217253319662984400000000000    0.000000000000000000000000000001    0.120340786116690220000000000000    0.087417454041488624000000000000    0.153972320498338510000000000000    0.097329779993030122000000000000    0.000000000000000000000000000001    0.000000000000000000000000000001    0.000000000000000000000000000001    0.000812103141302413890000000000    0.000000000000000000000000000001    0.000000000000000000000000000001    0.000000000000000000000000000001    0.000000000000000000000000000001    0.000778028006272976220000000000    0.026062484729250192000000000000    0.087882933076056741000000000000    0.040570523164615381000000000000    0.006740224767671925500000000000    0.013468348153605909000000000000    0.004896438619854723500000000000    0.001110997974924173400000000000 
   0.000109651203723955540000000000    0.000447227491715788980000000000    0.000000000000000000000000000001    0.000000000000000000000000000001    0.068631346419772032000000000000    0.059979095178003268000000000000    0.070465433330886326000000000000    0.086986337295314783000000000000    0.064078269412810460000000000000    0.018953883522418107000000000000    0.000000000000000000000000000001    0.000357702731870019560000000000    0.090274560896690600000000000000    0.068426421872498547000000000000    0.111981799177623260000000000000    0.078035058981021657000000000000    0.000780953791800262320000000000    0.006287906690432943700000000000    0.093076499492558987000000000000    0.054179331207760209000000000000    0.000103092783505154630000000000    0.000077345544636539006000000000    0.000339007076015847920000000000    0.000090056933129647790000000000    0.000357393230598699330000000000    0.017528871977855374000000000000    0.070795797038333039000000000000    0.032035137450562377000000000000    0.001746620499084324800000000000    0.000596060840258410520000000000    0.003107329022855159400000000000    0.000171808906264028850000000000 
