A matrix of model:
   0.895961694202944250000000000000    0.104038305797055630000000000000    0.000000000000000000000000000000    0.000000000000000000000000000000    0.000000000000000000000000000000 
   0.000000000000000000000000000000    0.693276404550312590000000000000    0.306723595449687030000000000000    0.000000000000000000000000000000    0.000000000000000000000000000000 
   0.000000000000000000000000000000    0.000000000000000000000000000000    0.672527997206004650000000000000    0.327472002793995240000000000000    0.000000000000000000000000000000 
   0.000000000000000000000000000000    0.000000000000000000000000000000    0.000000000000000000000000000000    0.937501015005167580000000000000    0.062498984994832488000000000000 
   0.000000000000000000000000000000    0.000000000000000000000000000000    0.000000000000000000000000000000    0.000000000000000000000000000000    1.000000000000000000000000000000 

B matrix of model:
   0.000000000000000000000000000001    0.000000000000000000000000000001    0.000000000000000000000000000001    0.000000000000000000000000000001    0.000000000000000000000000000001    0.000000000000000000000000000001    0.000000000000000000000000000001    0.000000000000000000000000000001    0.000000000000000000000000000001    0.000000000000000000000000000001    0.000000000000000000000000000001    0.000000000000000000000000000001    0.000000000000000000000000000001    0.000000000000000000000000000001    0.000000000000000000000000000001    0.000000000000000000000000000001    0.000000000000000000000000000001    0.000000000000000000000000000001    0.000000000000000000000000000001    0.000000000000000000000000000001    0.000000000000000000000000000001    0.000000000000000000000000000001    0.000000000000000000000000000001    0.000000000000000000000000000001    0.000000000000000000000000000001    0.000000000000000000000000000001    0.000000000000000000000000000001    0.000000000000000000000000000001    0.000000000003740982848952185200    0.702045511041478050000000000000    0.208042692922559970000000000000    0.089911796032220992000000000000 
   0.000000000000000000000000000001    0.000000000000000000000000000001    0.000000000000000000000000000001    0.000000000000000000000000000001    0.000000000000000000000000000001    0.000000000061489411419079104000    0.000000000000000000000000000001    0.000000021286699375199015000000    0.000000000000000000008363326640    0.000000000000000000000000000001    0.000000000000000000000000000001    0.000000000000000000000000000001    0.000000000000000000000000000001    0.000003660742091751644200000000    0.000000000002325815887611439500    0.000000000000000000000000000968    0.000000000000000000000000000001    0.000000000000000000000000000001    0.000000000000000000000000000001    0.000000000000000000000000000001    0.000000000000000000000000000001    0.000000000000000000000000000001    0.000000000000000000000000000001    0.000000000000000000000000000001    0.000000000000000000000000000001    0.000000000000000008906110188819    0.000000024659618541472212000000    0.000000010419192645117305000000    0.720409659095431860000000000000    0.103667442634932770000000000000    0.106739016896898280000000000000    0.069180164201319533000000000000 
   0.000000000000000000000000000001    0.000000000000000000000000000001    0.000000000000000000000000000001    0.000000000000000000000000000001    0.000000000000000000000000000001    0.024082278595917998000000000000    0.013269805295542100000000000000    0.091027181546570010000000000000    0.002894680636668147200000000000    0.006694400150867918500000000000    0.000000000000000000000000000001    0.000000000000000000000000000001    0.016270125184275366000000000000    0.078179583592795157000000000000    0.048599352460291373000000000000    0.033971238638988169000000000000    0.000000000000000000000000000001    0.001999999999374316900000000000    0.000000000000000000000000000001    0.004972018646074360600000000000    0.000000000000000000000000000001    0.000000000000000000000000000001    0.000000000000000000000000000001    0.000000000000000000000000000001    0.000000000000000000000000000001    0.023534046847655126000000000000    0.053506006427529652000000000000    0.085937700635240255000000000000    0.058065573947958443000000000000    0.272512369109572770000000000000    0.184483637613024250000000000000    0.000000000671654484159631410000 
   0.000000000000000000000000000001    0.002899257122184189100000000000    0.000000000000000000000000000001    0.000000000000000000000000000001    0.001867781226776328000000000000    0.051819962153598326000000000000    0.040523504673866215000000000000    0.147730670656670120000000000000    0.017088147121111483000000000000    0.008206629503333912800000000000    0.000000000000000000000000000001    0.000000000000000000000000000001    0.070286000149801867000000000000    0.110980582002731310000000000000    0.111868011425518000000000000000    0.104525000498001830000000000000    0.000000000000000000000000000001    0.004627738488646722200000000000    0.000000000000000000000000000001    0.011344686307499624000000000000    0.000000000000000000000000000001    0.000000000000000000000000000001    0.000000000000000000000000000001    0.001770963486424250500000000000    0.002347046573782567700000000000    0.039690820065308635000000000000    0.077107399461903037000000000000    0.124509191481522230000000000000    0.011450653450165400000000000000    0.034853875231155906000000000000    0.021601097470380901000000000000    0.002900981449617165900000000000 
   0.000000000000000000000000000001    0.001448218330035405900000000000    0.000000000000000000000000000001    0.000270008564401126170000000000    0.007099841039936498500000000000    0.026478056645201153000000000000    0.024445898707798740000000000000    0.095262790386918733000000000000    0.070319280533945747000000000000    0.055647359818978594000000000000    0.013936066644007029000000000000    0.022892868639002480000000000000    0.029127757944664188000000000000    0.080160063858649461000000000000    0.050283617859715329000000000000    0.073391755723039451000000000000    0.013754044307416200000000000000    0.010816868999537660000000000000    0.000935311362437406990000000000    0.009513830070722515500000000000    0.064271969888811301000000000000    0.046148912327344062000000000000    0.000000000000000000000000000001    0.015774866019485630000000000000    0.047207538954669233000000000000    0.053521206581489934000000000000    0.064656451202361423000000000000    0.101593422252245170000000000000    0.005753111214447848400000000000    0.003132776665537955800000000000    0.007294543928245533100000000000    0.004861561528954156000000000000 
